FAST FOOD FUNKIN'.swf Movie Report
-----------------------------------

Frame #    Frame Bytes    Total Bytes    Scene
-------    -----------    -----------    ----------------
      1         152147         152147    Scene 1 (AS 3.0 Classes Export Frame)
      2              1         152148    
      3              1         152149    
      4          72635         224784    
      5              1         224785    
      6              1         224786    
      7           6512         231298    
      8              1         231299    
      9             37         231336    
     10              1         231337    
     11              1         231338    
     12           5062         236400    
     13              1         236401    
     14              1         236402    
     15             51         236453    
     16              1         236454    
     17              1         236455    
     18             51         236506    
     19              1         236507    
     20              1         236508    
     21             51         236559    
     22              1         236560    
     23              1         236561    
     24             51         236612    
     25              1         236613    
     26              1         236614    
     27             51         236665    
     28              1         236666    
     29              1         236667    
     30             51         236718    
     31              1         236719    
     32              1         236720    
     33             51         236771    
     34              1         236772    
     35              1         236773    
     36             51         236824    
     37              1         236825    
     38              1         236826    
     39             51         236877    
     40              1         236878    
     41              1         236879    
     42              1         236880    
     43              1         236881    
     44              1         236882    
     45              1         236883    
     46              1         236884    
     47              1         236885    
     48              1         236886    
     49              1         236887    
     50              1         236888    
     51              1         236889    
     52              1         236890    
     53              1         236891    
     54              1         236892    
     55              1         236893    
     56              1         236894    
     57              1         236895    
     58              1         236896    
     59              1         236897    
     60              1         236898    
     61              1         236899    
     62              1         236900    
     63              1         236901    
     64              1         236902    
     65              1         236903    
     66              1         236904    
     67              1         236905    
     68              1         236906    
     69              1         236907    
     70              1         236908    
     71              1         236909    
     72              1         236910    
     73              1         236911    
     74              1         236912    
     75              1         236913    
     76              1         236914    
     77              1         236915    
     78              1         236916    
     79              1         236917    
     80              1         236918    
     81              1         236919    
     82              1         236920    
     83              1         236921    
     84              1         236922    
     85              1         236923    
     86              1         236924    
     87              1         236925    
     88              1         236926    
     89              1         236927    
     90              1         236928    
     91              1         236929    
     92              1         236930    
     93              1         236931    
     94              1         236932    
     95              1         236933    
     96              1         236934    
     97              1         236935    
     98              1         236936    
     99              1         236937    
    100              1         236938    
    101              1         236939    
    102              1         236940    
    103              1         236941    
    104              1         236942    
    105              1         236943    
    106              1         236944    
    107              1         236945    
    108              1         236946    
    109              1         236947    
    110              1         236948    
    111              1         236949    
    112              1         236950    
    113              1         236951    
    114              1         236952    
    115              1         236953    
    116              1         236954    
    117              1         236955    
    118              1         236956    
    119              1         236957    
    120            879         237836    
    121              1         237837    
    122            807         238644    
    123              1         238645    
    124           2521         241166    
    125              1         241167    
    126           1211         242378    
    127              1         242379    
    128           5383         247762    
    129           1443         249205    
    130           5071         254276    
    131            601         254877    
    132           7010         261887    
    133              1         261888    
    134           1144         263032    
    135              1         263033    
    136           5373         268406    
    137            463         268869    
    138           3630         272499    
    139              1         272500    
    140           6071         278571    
    141              1         278572    
    142           1318         279890    
    143            465         280355    
    144          11833         292188    
    145              1         292189    
    146            270         292459    
    147              1         292460    
    148          14171         306631    
    149           4652         311283    
    150              1         311284    
    151              1         311285    
    152           7350         318635    
    153              1         318636    
    154           3041         321677    
    155              1         321678    
    156           5372         327050    
    157              1         327051    
    158              1         327052    
    159              1         327053    
    160           3509         330562    
    161              1         330563    
    162              1         330564    
    163              1         330565    
    164           1646         332211    
    165              1         332212    
    166              1         332213    
    167              1         332214    
    168            345         332559    
    169              1         332560    
    170              1         332561    
    171              1         332562    
    172          18577         351139    
    173              1         351140    
    174              1         351141    
    175              1         351142    
    176            270         351412    
    177              1         351413    
    178              1         351414    
    179              1         351415    
    180           1190         352605    
    181         283549         636154    
    182              1         636155    
    183              1         636156    
    184           5966         642122    
    185              1         642123    
    186              1         642124    
    187              1         642125    
    188              5         642130    
    189              1         642131    
    190              1         642132    
    191              1         642133    
    192              1         642134    
    193              1         642135    
    194              1         642136    
    195              1         642137    
    196              1         642138    
    197              1         642139    
    198              1         642140    
    199              1         642141    
    200              1         642142    
    201              1         642143    
    202              1         642144    
    203              1         642145    
    204              1         642146    
    205              1         642147    
    206              1         642148    
    207              1         642149    
    208              1         642150    
    209              1         642151    
    210              9         642160    
    211              1         642161    
    212              1         642162    
    213              1         642163    
    214              1         642164    
    215              1         642165    
    216              1         642166    
    217              1         642167    
    218              1         642168    
    219              1         642169    
    220              1         642170    
    221              1         642171    
    222              1         642172    
    223              1         642173    
    224              1         642174    
    225              1         642175    
    226              1         642176    
    227              1         642177    
    228              1         642178    
    229              1         642179    
    230              1         642180    
    231              1         642181    
    232              1         642182    
    233              1         642183    
    234              1         642184    
    235              1         642185    
    236              1         642186    
    237              1         642187    
    238              1         642188    
    239              1         642189    
    240              1         642190    
    241              1         642191    
    242              1         642192    
    243              1         642193    
    244              1         642194    
    245              1         642195    
    246              1         642196    
    247              1         642197    
    248              1         642198    
    249              1         642199    
    250              1         642200    
    251              1         642201    
    252              1         642202    
    253              1         642203    
    254              1         642204    
    255              1         642205    
    256              1         642206    
    257              1         642207    
    258              1         642208    
    259              1         642209    
    260              1         642210    
    261              1         642211    
    262              1         642212    
    263              1         642213    
    264              1         642214    
    265              1         642215    
    266              1         642216    
    267              1         642217    
    268              1         642218    
    269              1         642219    
    270             24         642243    Scene 3

Scene                        Shape Bytes    Text Bytes    ActionScript Bytes
-------------------------    -----------    ----------    ------------------
Scene 1                            255594             0                     0
Scene 3                               58             0                     0

Symbol                       Shape Bytes    Text Bytes    ActionScript Bytes
-------------------------    -----------    ----------    ------------------
milktoast                              0             0                     0
Symbol 29                              0             0                     0
Symbol 31                              0             0                     0
Symbol 30                              0             0                     0
tank top graphic                    1179             0                     0
tank top                               0             0                     0
Symbol 6                              50             0                     0
tank right tread                     495             0                     0
tank left tread                      501             0                     0
tank wheel tube inner 2              109             0                     0
Symbol 12                             44             0                     0
tank inner wheel                       0             0                     0
tank wheel inner tube                111             0                     0
tank inner wheel 2                   125             0                     0
tank wheels inner                      0             0                     0
Symbol 20                             53             0                     0
tank bottom                            0             0                     0
Symbol 22                           1513             0                     0
tank text                           4979             0                     0

ActionScript Bytes    Location
------------------    --------
               683    ActionScript 3.0 Classes

Bitmap                     Compressed    Compression
-----------------------    ----------  --------  -----------
milktoaststuff_stickerBIG.png    283450     5759424   JPEG Quality=100

Event Sounds: 44KHz Stereo 128 kbps MP3


Sound name                 Bytes        Format    
-----------------------    ---------    ----------
milkmilk.mp3                17529        44KHz Mono 128 kbps MP3
splash.mp3                  75492        44KHz Stereo 128 kbps MP3




